1073520
1073516
1073510
1073494
1073486
1073474
1073470
1073466
1073452
1073448
1073440
1070286
1070278
1070070
1070038
1070014
1070008
1069844
1069840
1069832
1069210
1069092
1068866
1068850
1068764
1068264
1067804
1067772
1067754
1067162
1066974
1066868
1066720
1064870
1064468
1064344
1063930
1063876
1063556
1063504
1062758
1062754
1062674
1061902
1061732
1061710
1061682
1061672
1061118
1061056
1061046
1060726
1060540
1060532
1060526
1059406
1059400
1059094
1059052
1058714
1058398
1058176
1058036
1057653
1057613
1057158
1057002
1056662
1056648
1056644
1056590
1056582
1056030
1055978
1055822
1055802
1055518
1055508
1055478
1055454
1055052
1054950
1054822
1054510
1054392
1052596
1052480
1052324
1052250
1052236
1051814
1051794
1051722
1051314
1051252
1051212
1051200
1050638
1050496
1050288
1049504
1049478
1049466
1049234
1049108
1049104
1049098
1049060
1048624
1048608
1048588
1048480
1048402
1048396
1048368
1048356
1048344
1048310
1048034
1047986
1047978
1047972
1047960
1047924
1046882
1046814
1046384
1046066
1045912
1045844
1045794
1045768
1045756
1045702
1045692
1045008
1044986
1044874
1044824
1044758
1044598
1044346
1043984
1043970
1043814
1043792
1043740
1043482
1042908
1042890
1042880
1042872
1042842
1042298
1042164
1042158
1041800
1041222
1040948
1039902
1039898
1039670
1039600
1039404
1039384
1039362
1039202
1039192
1039034
1038918
1038858
1038842
1038834
1038484
1038298
1038208
1037910
1037882
1037828
1037770
1037282
1037168
1036834
1036810
1036728
1036718
1035940
1035936
1035930
1035904
1035850
1035634
1035598
1035594
1035524
1035508
1035488
1034944
1034830
1034810
1034792
1034528
1034508
1034456
1034342
1034324
1034320
1034308
1034304
1034300
1033874
1033808
1033772
1033764
1033754
1033664
1033630
1033604
1033368
1032708
1032612
1032464
1032266
1032240
1032232
1032194
1032102
1031546
1031518
1031448
1031420
1031372
1031126
1030988
1030908
1030902
1030896
1030490
1030422
1030354
1030242
1030230
1030182
1030006
1029934
1029922
1029412
1029300
1029290
1029164
1029032
1029024
1028974
1028958
1028948
1028862
1028690
1028112
1028106
1027960
1027950
1027916
1027910
1027820
1027810
1027790
1027720
1027684
1027680
1027672
1027668
1027612
1027570
1027542
1027532
1027528
1027512
1027038
1026312
1025488
1025462
1025444
1025138
1025122
1024376
1024254
1023972
1023936
1023928
1023744
1023136
1023118
1022336
1021776
1021664
1021610
1021504
1021472
1021240
1020878
1020706
1020702
1020574
1020562
1020486
1020442
1020354
1018414
1018392
1018290
1018282
1018184
1018120
1018062
1018054
1018032
1017998
1017988
1017982
1017956
1017952
1017940
1017932
1017920
1017914
1017896
1017892
1017870
1017862
1017790
1017338
1017330
1017246
1017204
1017134
1017128
1016760
1016714
1016638
1016610
1016590
1015946
1015828
1015470
1015384
1015370
1015366
1014632
1014486
1014468
1014352
1014290
1014266
1014220
1014174
1014168
1014048
1014014
1014006
1013952
1013104
1013082
1013066
1012932
1012920
1012802
1012760
1012616
1012582
1012566
1012562
1012532
1012526
1012514
1012494
1012482
1012472
1011706
1011648
1011638
1011038
1010988
1010958
1010954
1010918
1010906
1010662
1010578
1010134
1010006
1009810
1009794
1009776
1009566
1009546
1009026
1008950
1008746
1008632
1008564
1008428
1008414
1008276
1008256
1008242
1008226
1007696
1007592
1007554
1007546
1007506
1007494
1007458
1007064
1006546
1006476
1006464
1006446
1006366
1006322
1006190
1005982
1005922
1005816
1005804
1005270
1005164
1005158
1005086
1005070
1005056
1005044
1005034
1005020
1004876
1004730
1004676
1004658
1004626
1004564
1004556
1004546
1004538
1004528
1004418
1003056
1003042
1003030
1002358
1002126
1002092
1001946
1001914
1001896
1001886
1001872
1001850
1001826
1001060
1001052
1000992
1000876
1000728
1000722
1000562
1000474
999886
999872
999714
999600
999266
999104
999084
998986
998974
998928
998878
998054
997940
997586
997544
997480
997464
996806
996598
996520
996500
996468
996408
996366
996318
996312
996308
996286
996240
996236
996224
996214
996206
996174
996102
995978
995948
995938
995934
995928
995922
995912
995902
995898
995894
995884
995648
995204
995110
994900
993704
993544
993480
993336
993170
993038
993006
992864
992110
992084
992028
992016
992006
991804
991722
991698
991664
991626
991596
991338
991266
991242
991238
990540
990400
990214
990148
990116
989892
989846
989834
989706
989504
989500
988736
988730
988716
988708
988654
988568
988280
988268
988252
988244
988224
988188
988136
988132
988126
988124
988122
987440
987436
987378
987234
986580
986134
985990
985980
985676
985672
985656
984270
984252
984220
984124
983864
983710
983686
983652
983646
983622
982956
982952
982950
982922
982898
982880
982724
982606
982536
982520
982508
982414
982300
982204
982164
981614
981596
981586
981570
981566
981226
980980
980958
980940
980912
980556
980336
980326
980232
980190
980182
980160
980148
980136
980108
979954
979838
979710
979650
979456
979404
979344
979336
978666
978516
978366
978302
978196
978182
978168
978158
978110
978106
978100
978092
977948
977936
977888
977880
977878
977754
977752
977750
976266
976258
976220
976210
976198
975724
975540
975532
975524
975516
975472
975468
975452
975346
975322
974940
974784
974774
974696
974680
974572
974516
974316
974266
974098
974082
973966
973952
973950
973932
973908
973682
973228
973132
973068
973044
973038
973036
973012
972986
972728
972606
972592
972522
972510
972494
972490
972448
972228
971558
971464
971134
971130
971122
971118
971116
970988
970944
970244
970234
970200
970142
970096
970068
970040
969986
969968
969952
969946
969936
969900
969874
969844
969640
969616
969516
968430
968426
968418
968412
968408
968406
968404
968398
968358
968228
968216
967304
967272
967220
967206
967150
967088
967068
966900
966842
966722
966706
966686
966678
965882
965856
965744
965710
965700
965690
965686
965658
965648
965490
965468
965464
965454
965368
965364
965310
965286
965254
964520
964408
964260
964246
964184
963902
963802
963796
963794
963784
963774
963770
963766
963734
963330
963128
962936
962912
962554
962386
962198
962194
962156
961798
961794
961790
961784
961772
961756
961690
961668
961448
961432
961368
961348
961050
961030
961026
961012
960958
960954
960946
960934
960666
960652
960642
960628
960624
960604
960590
960578
960566
960546
960518
960512
960506
960496
959912
959764
959722
959612
959038
959018
958576
958290
958262
958228
958226
958168
958144
958126
957940
957934
957912
957900
957890
957882
957880
957876
957852
957844
957838
957830
957782
957774
957760
957714
957688
957630
957598
957580
957550
957494
957440
957424
957348
957220
957104
957098
957034
956122
956046
955854
955852
955782
955718
955580
955540
955528
955504
955502
955496
955486
955426
955422
955414
955406
955392
955390
955380
955374
955372
955368
955364
955358
955348
955322
955320
955302
955292
955282
954772
954382
954376
953910
953834
953768
953632
953620
953612
953610
953600
953554
953538
953522
953506
953500
953494
953466
953456
953454
953448
953438
953432
953424
953408
953406
953404
953396
952876
952852
952382
952204
952172
952136
951992
951884
951834
951776
951416
951312
951272
951264
951254
950258
950128
950104
950078
950044
950016
950000
949734
949584
949568
949560
949382
949360
949348
949338
949332
949330
949308
949274
949228
949206
949200
949184
949182
949176
949174
949166
949156
949144
949140
949128
949126
949118
948646
948338
948304
947752
947742
947036
946466
946392
946172
946064
946050
946042
946022
945988
945980
945874
945834
945690
945558
945484
945446
945438
945422
945416
945336
945334
944926
944832
944736
944420
944364
944246
944142
944134
944106
943892
943836
943832
943772
943770
943704
943690
943686
943680
943678
943660
943654
943642
943616
943596
943590
943588
943580
943568
943536
943528
943160
942770
942642
942562
942504
942360
942166
942154
942152
942150
942140
942130
942118
942100
942058
941698
941584
941556
940780
940660
940556
940524
940436
940396
940388
940384
940324
940082
940052
940048
940006
939944
939936
938840
938802
938698
938498
938344
938248
938222
938214
938206
938194
938178
938164
938162
938150
938134
938100
938086
938042
938010
937574
937564
937554
937538
937534
937516
937504
937496
937174
936694
936326
935254
935222
934962
934916
934876
934658
934546
934520
934498
934446
934414
933560
933506
933494
933392
933366
933338
933230
933098
933076
933062
933024
932988
932824
932798
932758
932740
932728
932722
932720
932702
932650
932612
932002
931752
931744
931722
931526
931484
931458
931442
931426
931372
931328
931312
931250
931210
931178
931104
931050
930934
930918
930898
930882
929828
929766
929748
929662
929620
929610
929604
929106
928234
928228
928214
928200
928024
927998
927920
927890
927882
927780
927768
927704
927642
927626
927566
927552
927534
927530
927520
927514
927486
927482
927134
927006
926960
926940
926928
926858
926744
926308
926254
925570
925540
925496
925482
925470
925450
925428
925422
925334
925322
925238
924792
924554
924550
924544
924494
924372
924366
924352
924220
924150
924148
924134
924072
924022
923998
923988
923974
923640
923330
923282
923264
923224
923214
923186
922960
922830
922814
922782
922780
922772
922766
922746
922740
922708
922700
922676
921908
921892
921828
921666
921638
921600
921532
921528
921520
920868
920864
920848
920756
920726
920346
920330
920294
920248
920244
920242
920234
920228
920208
920194
920160
920158
920118
920088
920064
918400
918382
918272
918270
918154
918148
918136
917688
917638
917510
917138
917130
917098
917066
917060
917034
917022
917000
916996
916980
916976
916974
916940
916606
916386
916202
916200
916196
916164
916022
916014
915744
915714
915692
915636
915542
915520
915430
914834
914794
914750
914632
914588
914446
914186
914166
914162
914158
914152
914150
914148
914062
914056
913832
913824
913814
913742
913636
913572
913422
913342
913240
913224
913206
913204
913110
912984
912866
912766
912764
912752
912748
912730
912726
912698
912696
912654
911458
911238
910734
910572
910558
910402
910298
910284
910220
910030
910028
910024
909960
909492
909472
909454
909408
909362
909348
909332
909278
909228
909220
908980
908886
908878
908844
908838
908830
908820
908704
908702
908692
908654
905712
905202
904664
902226
901444
901432
901428
901410
885596
885582
876276
875534
875456
874460
874404
872922
872912
872904
872900
872892
872738
872730
872720
871826
871480
871362
871358
871356
871334
871296
871254
871212
871204
871200
871190
871188
870715
870138
869364
869302
868556
868546
868526
868516
868514
868510
868504
868468
868454
868452
868450
868448
868444
868440
868168
868160
868130
868040
867962
867952
867950
867828
867736
867734
867578
867576
867530
867462
867346
867310
867244
867214
867212
866724
866714
866710
866700
866696
866654
866638
866400
866138
866080
866030
865866
865860
865842
865736
865726
865634
865614
865024
865012
865002
864980
864974
864948
864936
864906
864664
864634
864434
864382
864354
864334
864330
863394
863258
863182
863120
863114
863088
863074
863010
862964
862954
862948
862906
862810
862802
862788
862786
862776
862774
862772
862766
862734
862730
862726
862720
862716
862714
862704
862698
862676
862668
862664
862650
862628
862358
862334
862328
862228
862184
860858
860854
860844
860838
860728
860680
860456
860366
860358
860252
860240
860226
860224
859966
859912
859834
859798
859742
859726
859716
859684
859678
859676
859662
859582
859570
859546
859544
859534
859504
859246
859088
859068
859056
859052
859006
858998
858994
858988
858986
858976
858374
858350
858336
858318
858244
858210
858142
858054
857950
857934
857916
857912
857670
857256
857244
857106
857002
856916
856890
856790
856772
856754
856214
856200
856184
856166
856072
856024
855998
855910
855902
855730
855724
855708
855682
855676
855574
855482
855436
855432
855428
855378
855374
855370
855354
855346
855344
855342
855330
855290
855244
854506
854410
854402
854134
853410
852830
852790
852772
852644
852512
852508
852506
852502
852476
852432
852416
851884
851880
851866
851850
851294
851284
851142
851108
851094
851090
851070
851040
851026
850408
850370
850122
850058
850052
850042
849964
849958
849860
849852
849844
849838
849830
849800
849794
849788
849784
849780
849716
849216
849164
849072
849054
848782
848748
848740
848722
848694
848688
848656
848634
848628
848618
848612
848560
848538
848506
848466
848178
847862
847606
847514
847508
847318
847280
847270
847234
847108
847066
847052
847046
847044
847030
847020
847018
847014
847010
847002
846992
846662
846644
846586
846574
846544
846508
846492
846142
845822
845478
845026
844976
844932
844884
844880
844680
844656
844540
844534
844528
844390
844360
844350
844324
844322
844318
844312
844308
844302
843914
843896
843804
843802
843778
843676
843620
843362
843158
842984
842426
842320
842312
842308
842266
842108
842084
841998
841992
841988
841940
841928
841912
841752
841664
841646
841644
841638
841634
841630
841398
840912
840904
840584
840414
840360
840258
840114
840064
840040
840036
840032
840030
839432
838270
838038
837984
837924
837862
837856
837850
837846
837842
837808
837778
837444
837422
837418
837218
837204
837198
836986
836984
836982
836980
836562
836560
836558
836382
836200
835994
835954
835938
835644
835614
835134
835108
835042
835032
835028
835020
835018
834822
834786
834780
834778
834746
834726
834714
834712
834708
834700
834692
834660
834654
834646
834396
834356
834328
834194
834124
834036
833884
833762
833744
833740
833718
833684
833440
833224
832868
832844
832684
832674
832638
832634
832630
832624
832618
832176
832118
832012
831988
831938
831926
831874
831832
831808
831758
831722
831708
831702
831670
831668
831664
831662
831658
831656
831652
831648
831640
831634
831632
831624
831620
831616
831604
831344
831280
831162
831080
831078
830214
830194
830094
829742
829718
829686
829642
829594
829586
829584
829582
829578
829576
829572
829566
829558
829550
829540
829534
829516
829510
829506
829504
829492
829198
829190
828784
828594
828564
828464
828414
828362
828352
828346
828336
828326
828278
828266
828248
828240
828228
828218
828002
827964
827622
827416
827288
827250
827086
827074
827068
827050
827012
827004
826658
826588
826148
826140
826072
825884
825876
825810
825802
825772
825766
825762
825752
825746
825740
825734
825722
825654
825636
825622
825598
825276
824936
824832
824788
824708
824670
824600
824472
824414
824278
824268
824262
824258
824254
824220
824208
824196
824174
824152
824146
824142
824118
823798
823662
823486
823402
823386
823374
822864
822840
822828
822140
822022
821758
821730
821714
821624
821582
821578
821156
821124
821028
821006
820828
820700
820532
820326
820206
819956
819922
819764
819310
819050
819038
819024
819014
818972
818936
818824
818804
818670
817676
817602
817594
817584
817484
817466
817456
817444
816540
816112
816058
816016
815974
815960
815942
815922
815900
815870
815860
815842
815822
815796
815768
815584
815478
815460
815420
815400
815294
815288
815278
815042
815032
815024
815014
815008
815004
814998
814986
814970
814964
814960
814942
814920
814508
814386
814192
814142
814094
814022
814012
813898
813842
813798
813692
813608
813562
813544
813482
813460
813442
813428
813400
813390
813384
813378
813372
813366
813316
813282
813270
813258
813246
813236
813222
813066
813050
813032
813016
813006
812996
812930
812918
812912
812902
812898
812890
812884
812876
812854
812834
812484
